100.000000
100.000244
100.000488
100.000732
100.000977
100.001221
100.001465
100.001709
100.001953
100.002197
100.002441
100.002686
100.002930
100.003174
100.003418
100.003662
100.003906
100.004150
100.004395
100.004639
100.004883
100.005127
100.005371
100.005615
100.005859
100.006104
100.006348
100.006592
100.006836
100.007080
100.007324
100.007568
100.007812
100.008057
100.008301
100.008545
100.008789
100.009033
100.009277
100.009521
100.009766
100.010010
100.010254
100.010498
100.010742
100.010986
100.011230
100.011475
100.011719
100.011963
100.012207
100.012451
100.012695
100.012939
100.013184
100.013428
100.013672
100.013916
100.014160
100.014404
100.014648
100.014893
100.015137
100.015381
100.015625
100.015869
100.016113
100.016357
100.016602
100.016846
100.017090
100.017334
100.017578
100.017822
100.018066
100.018311
100.018555
100.018799
100.019043
100.019287
100.019531
100.019775
100.020020
100.020264
100.020508
100.020752
100.020996
100.021240
100.021484
100.021729
100.021973
100.022217
100.022461
100.022705
100.022949
100.023193
100.023438
100.023682
100.023926
100.024170
100.024414
100.024658
100.024902
100.025146
100.025391
100.025635
100.025879
100.026123
100.026367
100.026611
100.026855
100.027100
100.027344
100.027588
100.027832
100.028076
100.028320
100.028564
100.028809
100.029053
100.029297
100.029541
100.029785
100.030029
100.030273
100.030518
100.030762
100.031006
100.031250
100.031494
100.031738
100.031982
100.032227
100.032471
100.032715
100.032959
100.033203
100.033447
100.033691
100.033936
100.034180
100.034424
100.034668
100.034912
100.035156
100.035400
100.035645
100.035889
100.036133
100.036377
100.036621
100.036865
100.037109
100.037354
100.037598
100.037842
100.038086
100.038330
100.038574
100.038818
100.039063
100.039307
100.039551
100.039795
100.040039
100.040283
100.040527
100.040771
100.041016
100.041260
100.041504
100.041748
100.041992
100.042236
100.042480
100.042725
100.042969
100.043213
100.043457
100.043701
100.043945
100.044189
100.044434
100.044678
100.044922
100.045166
100.045410
100.045654
100.045898
100.046143
100.046387
100.046631
100.046875
100.047119
100.047363
100.047607
100.047852
100.048096
100.048340
100.048584
100.048828
100.049072
100.049316
100.049561
100.049805
100.050049
100.050293
100.050537
100.050781
100.051025
100.051270
100.051514
100.051758
100.052002
100.052246
100.052490
100.052734
100.052979
100.053223
100.053467
100.053711
100.053955
100.054199
100.054443
100.054688
100.054932
100.055176
100.055420
100.055664
100.055908
100.056152
100.056396
100.056641
100.056885
100.057129
100.057373
100.057617
100.057861
100.058105
100.058350
100.058594
100.058838
100.059082
100.059326
100.059570
100.059814
100.060059
100.060303
100.060547
100.060791
100.061035
100.061279
100.061523
100.061768
100.062012
100.062256
100.062500
100.062744
100.062988
100.063232
100.063477
100.063721
100.063965
100.064209
100.064453
100.064697
100.064941
100.065186
100.065430
100.065674
100.065918
100.066162
100.066406
100.066650
100.066895
100.067139
100.067383
100.067627
100.067871
100.068115
100.068359
100.068604
100.068848
100.069092
100.069336
100.069580
100.069824
100.070068
100.070313
100.070557
100.070801
100.071045
100.071289
100.071533
100.071777
100.072021
100.072266
100.072510
100.072754
100.072998
100.073242
100.073486
100.073730
100.073975
100.074219
100.074463
100.074707
100.074951
100.075195
100.075439
100.075684
100.075928
100.076172
100.076416
100.076660
100.076904
100.077148
100.077393
100.077637
100.077881
100.078125
100.078369
100.078613
100.078857
100.079102
100.079346
100.079590
100.079834
100.080078
100.080322
100.080566
100.080811
100.081055
100.081299
100.081543
100.081787
100.082031
100.082275
100.082520
100.082764
100.083008
100.083252
100.083496
100.083740
100.083984
100.084229
100.084473
100.084717
100.084961
100.085205
100.085449
100.085693
100.085938
100.086182
100.086426
100.086670
100.086914
100.087158
100.087402
100.087646
100.087891
100.088135
100.088379
100.088623
100.088867
100.089111
100.089355
100.089600
100.089844
100.090088
100.090332
100.090576
100.090820
100.091064
100.091309
100.091553
100.091797
100.092041
100.092285
100.092529
100.092773
100.093018
100.093262
100.093506
100.093750
100.093994
100.094238
100.094482
100.094727
100.094971
100.095215
100.095459
100.095703
100.095947
100.096191
100.096436
100.096680
100.096924
100.097168
100.097412
100.097656
100.097900
100.098145
100.098389
100.098633
100.098877
100.099121
100.099365
100.099609
100.099854
100.100098
100.100342
100.100586
100.100830
100.101074
100.101318
100.101563
100.101807
100.102051
100.102295
100.102539
100.102783
100.103027
100.103271
100.103516
100.103760
100.104004
100.104248
100.104492
100.104736
100.104980
100.105225
100.105469
100.105713
100.105957
100.106201
100.106445
100.106689
100.106934
100.107178
100.107422
100.107666
100.107910
100.108154
100.108398
100.108643
100.108887
100.109131
100.109375
100.109619
100.109863
100.110107
100.110352
100.110596
100.110840
100.111084
100.111328
100.111572
100.111816
100.112061
100.112305
100.112549
100.112793
100.113037
100.113281
100.113525
100.113770
100.114014
100.114258
100.114502
100.114746
100.114990
100.115234
100.115479
100.115723
100.115967
100.116211
100.116455
100.116699
100.116943
100.117187
100.117432
100.117676
100.117920
100.118164
100.118408
100.118652
100.118896
100.119141
100.119385
100.119629
100.119873
100.120117
100.120361
100.120605
100.120850
100.121094
100.121338
100.121582
100.121826
100.122070
100.122314
100.122559
100.122803
100.123047
100.123291
100.123535
100.123779
100.124023
100.124268
100.124512
100.124756
100.125000
100.125244
100.125488
100.125732
100.125977
100.126221
100.126465
100.126709
100.126953
100.127197
100.127441
100.127686
100.127930
100.128174
100.128418
100.128662
100.128906
100.129150
100.129395
100.129639
100.129883
100.130127
100.130371
100.130615
100.130859
100.131104
100.131348
100.131592
100.131836
100.132080
100.132324
100.132568
100.132813
100.133057
100.133301
100.133545
100.133789
100.134033
100.134277
100.134521
100.134766
100.135010
100.135254
100.135498
100.135742
100.135986
100.136230
100.136475
100.136719
100.136963
100.137207
100.137451
100.137695
100.137939
100.138184
100.138428
100.138672
100.138916
100.139160
100.139404
100.139648
100.139893
100.140137
100.140381
100.140625
100.140869
100.141113
100.141357
100.141602
100.141846
100.142090
100.142334
100.142578
100.142822
100.143066
100.143311
100.143555
100.143799
100.144043
100.144287
100.144531
100.144775
100.145020
100.145264
100.145508
100.145752
100.145996
100.146240
100.146484
100.146729
100.146973
100.147217
100.147461
100.147705
100.147949
100.148193
100.148438
100.148682
100.148926
100.149170
100.149414
100.149658
100.149902
100.150146
100.150391
100.150635
100.150879
100.151123
100.151367
100.151611
100.151855
100.152100
100.152344
100.152588
100.152832
100.153076
100.153320
100.153564
100.153809
100.154053
100.154297
100.154541
100.154785
100.155029
100.155273
100.155518
100.155762
100.156006
100.156250
100.156494
100.156738
100.156982
100.157227
100.157471
100.157715
100.157959
100.158203
100.158447
100.158691
100.158936
100.159180
100.159424
100.159668
100.159912
100.160156
100.160400
100.160645
100.160889
100.161133
100.161377
100.161621
100.161865
100.162109
100.162354
100.162598
100.162842
100.163086
100.163330
100.163574
100.163818
100.164063
100.164307
100.164551
100.164795
100.165039
100.165283
100.165527
100.165771
100.166016
100.166260
100.166504
100.166748
100.166992
100.167236
100.167480
100.167725
100.167969
100.168213
100.168457
100.168701
100.168945
100.169189
100.169434
100.169678
100.169922
100.170166
100.170410
100.170654
100.170898
100.171143
100.171387
100.171631
100.171875
100.172119
100.172363
100.172607
100.172852
100.173096
100.173340
100.173584
100.173828
100.174072
100.174316
100.174561
100.174805
100.175049
100.175293
100.175537
100.175781
100.176025
100.176270
100.176514
100.176758
100.177002
100.177246
100.177490
100.177734
100.177979
100.178223
100.178467
100.178711
100.178955
100.179199
100.179443
100.179688
100.179932
100.180176
100.180420
100.180664
100.180908
100.181152
100.181396
100.181641
100.181885
100.182129
100.182373
100.182617
100.182861
100.183105
100.183350
100.183594
100.183838
100.184082
100.184326
100.184570
100.184814
100.185059
100.185303
100.185547
100.185791
100.186035
100.186279
100.186523
100.186768
100.187012
100.187256
100.187500
100.187744
100.187988
100.188232
100.188477
100.188721
100.188965
100.189209
100.189453
100.189697
100.189941
100.190186
100.190430
100.190674
100.190918
100.191162
100.191406
100.191650
100.191895
100.192139
100.192383
100.192627
100.192871
100.193115
100.193359
100.193604
100.193848
100.194092
100.194336
100.194580
100.194824
100.195068
100.195313
100.195557
100.195801
100.196045
100.196289
100.196533
100.196777
100.197021
100.197266
100.197510
100.197754
100.197998
100.198242
100.198486
100.198730
100.198975
100.199219
100.199463
100.199707
100.199951
100.200195
100.200439
100.200684
100.200928
100.201172
100.201416
100.201660
100.201904
100.202148
100.202393
100.202637
100.202881
100.203125
100.203369
100.203613
100.203857
100.204102
100.204346
100.204590
100.204834
100.205078
100.205322
100.205566
100.205811
100.206055
100.206299
100.206543
100.206787
100.207031
100.207275
100.207520
100.207764
100.208008
100.208252
100.208496
100.208740
100.208984
100.209229
100.209473
100.209717
100.209961
100.210205
100.210449
100.210693
100.210938
100.211182
100.211426
100.211670
100.211914
100.212158
100.212402
100.212646
100.212891
100.213135
100.213379
100.213623
100.213867
100.214111
100.214355
100.214600
100.214844
100.215088
100.215332
100.215576
100.215820
100.216064
100.216309
100.216553
100.216797
100.217041
100.217285
100.217529
100.217773
100.218018
100.218262
100.218506
100.218750
100.218994
100.219238
100.219482
100.219727
100.219971
100.220215
100.220459
100.220703
100.220947
100.221191
100.221436
100.221680
100.221924
100.222168
100.222412
100.222656
100.222900
100.223145
100.223389
100.223633
100.223877
100.224121
100.224365
100.224609
100.224854
100.225098
100.225342
100.225586
100.225830
100.226074
100.226318
100.226563
100.226807
100.227051
100.227295
100.227539
100.227783
100.228027
100.228271
100.228516
100.228760
100.229004
100.229248
100.229492
100.229736
100.229980
100.230225
100.230469
100.230713
100.230957
100.231201
100.231445
100.231689
100.231934
100.232178
100.232422
100.232666
100.232910
100.233154
100.233398
100.233643
100.233887
100.234131
100.234375
100.234619
100.234863
100.235107
100.235352
100.235596
100.235840
100.236084
100.236328
100.236572
100.236816
100.237061
100.237305
100.237549
100.237793
100.238037
100.238281
100.238525
100.238770
100.239014
100.239258
100.239502
100.239746
100.239990
100.240234
100.240479
100.240723
100.240967
100.241211
100.241455
100.241699
100.241943
100.242188
100.242432
100.242676
100.242920
100.243164
100.243408
100.243652
100.243896
100.244141
100.244385
100.244629
100.244873
100.245117
100.245361
100.245605
100.245850
100.246094
100.246338
100.246582
100.246826
100.247070
100.247314
100.247559
100.247803
100.248047
100.248291
100.248535
100.248779
100.249023
100.249268
100.249512
100.249756
100.250000
100.250244
100.250488
100.250732
100.250977
100.251221
100.251465
100.251709
100.251953
100.252197
100.252441
100.252686
100.252930
100.253174
100.253418
100.253662
100.253906
100.254150
100.254395
100.254639
100.254883
100.255127
100.255371
100.255615
100.255859
100.256104
100.256348
100.256592
100.256836
100.257080
100.257324
100.257568
100.257813
100.258057
100.258301
100.258545
100.258789
100.259033
100.259277
100.259521
100.259766
100.260010
100.260254
100.260498
100.260742
100.260986
100.261230
100.261475
100.261719
100.261963
100.262207
100.262451
100.262695
100.262939
100.263184
100.263428
100.263672
100.263916
100.264160
100.264404
100.264648
100.264893
100.265137
100.265381
100.265625
100.265869
100.266113
100.266357
100.266602
100.266846
100.267090
100.267334
100.267578
100.267822
100.268066
100.268311
100.268555
100.268799
100.269043
100.269287
100.269531
100.269775
100.270020
100.270264
100.270508
100.270752
100.270996
100.271240
100.271484
100.271729
100.271973
100.272217
100.272461
100.272705
100.272949
100.273193
100.273438
100.273682
100.273926
100.274170
100.274414
100.274658
100.274902
100.275146
100.275391
100.275635
100.275879
100.276123
100.276367
100.276611
100.276855
100.277100
100.277344
100.277588
100.277832
100.278076
100.278320
100.278564
100.278809
100.279053
100.279297
100.279541
100.279785
100.280029
100.280273
100.280518
100.280762
100.281006
100.281250
100.281494
100.281738
100.281982
100.282227
100.282471
100.282715
100.282959
100.283203
100.283447
100.283691
100.283936
100.284180
100.284424
100.284668
100.284912
100.285156
100.285400
100.285645
100.285889
100.286133
100.286377
100.286621
100.286865
100.287109
100.287354
100.287598
100.287842
100.288086
100.288330
100.288574
100.288818
100.289063
100.289307
100.289551
100.289795
100.290039
100.290283
100.290527
100.290771
100.291016
100.291260
100.291504
100.291748
100.291992
100.292236
100.292480
100.292725
100.292969
100.293213
100.293457
100.293701
100.293945
100.294189
100.294434
100.294678
100.294922
100.295166
100.295410
100.295654
100.295898
100.296143
100.296387
100.296631
100.296875
100.297119
100.297363
100.297607
100.297852
100.298096
100.298340
100.298584
100.298828
100.299072
100.299316
100.299561
100.299805
100.300049
100.300293
100.300537
100.300781
100.301025
100.301270
100.301514
100.301758
100.302002
100.302246
100.302490
100.302734
100.302979
100.303223
100.303467
100.303711
100.303955
100.304199
100.304443
100.304688
100.304932
100.305176
100.305420
100.305664
100.305908
100.306152
100.306396
100.306641
100.306885
100.307129
100.307373
100.307617
100.307861
100.308105
100.308350
100.308594
100.308838
100.309082
100.309326
100.309570
100.309814
100.310059
100.310303
100.310547
100.310791
100.311035
100.311279
100.311523
100.311768
100.312012
100.312256
100.312500
100.312744
100.312988
100.313232
100.313477
100.313721
100.313965
100.314209
100.314453
100.314697
100.314941
100.315186
100.315430
100.315674
100.315918
100.316162
100.316406
100.316650
100.316895
100.317139
100.317383
100.317627
100.317871
100.318115
100.318359
100.318604
100.318848
100.319092
100.319336
100.319580
100.319824
100.320068
100.320313
100.320557
100.320801
100.321045
100.321289
100.321533
100.321777
100.322021
100.322266
100.322510
100.322754
100.322998
100.323242
100.323486
100.323730
100.323975
100.324219
100.324463
100.324707
100.324951
100.325195
100.325439
100.325684
100.325928
100.326172
100.326416
100.326660
100.326904
100.327148
100.327393
100.327637
100.327881
100.328125
100.328369
100.328613
100.328857
100.329102
100.329346
100.329590
100.329834
100.330078
100.330322
100.330566
100.330811
100.331055
100.331299
100.331543
100.331787
100.332031
100.332275
100.332520
100.332764
100.333008
100.333252
100.333496
100.333740
100.333984
100.334229
100.334473
100.334717
100.334961
100.335205
100.335449
100.335693
100.335938
100.336182
100.336426
100.336670
100.336914
100.337158
100.337402
100.337646
100.337891
100.338135
100.338379
100.338623
100.338867
100.339111
100.339355
100.339600
100.339844
100.340088
100.340332
100.340576
100.340820
100.341064
100.341309
100.341553
100.341797
100.342041
100.342285
100.342529
100.342773
100.343018
100.343262
100.343506
100.343750
100.343994
100.344238
100.344482
100.344727
100.344971
100.345215
100.345459
100.345703
100.345947
100.346191
100.346436
100.346680
100.346924
100.347168
100.347412
100.347656
100.347900
100.348145
100.348389
100.348633
100.348877
100.349121
100.349365
100.349609
100.349854
100.350098
100.350342
100.350586
100.350830
100.351074
100.351318
100.351563
100.351807
100.352051
100.352295
100.352539
100.352783
100.353027
100.353271
100.353516
100.353760
100.354004
100.354248
100.354492
100.354736
100.354980
100.355225
100.355469
100.355713
100.355957
100.356201
100.356445
100.356689
100.356934
100.357178
100.357422
100.357666
100.357910
100.358154
100.358398
100.358643
100.358887
100.359131
100.359375
100.359619
100.359863
100.360107
100.360352
100.360596
100.360840
100.361084
100.361328
100.361572
100.361816
100.362061
100.362305
100.362549
100.362793
100.363037
100.363281
100.363525
100.363770
100.364014
100.364258
100.364502
100.364746
100.364990
100.365234
100.365479
100.365723
100.365967
100.366211
100.366455
100.366699
100.366943
100.367188
100.367432
100.367676
100.367920
100.368164
100.368408
100.368652
100.368896
100.369141
100.369385
100.369629
100.369873
100.370117
100.370361
100.370605
100.370850
100.371094
100.371338
100.371582
100.371826
100.372070
100.372314
100.372559
100.372803
100.373047
100.373291
100.373535
100.373779
100.374023
100.374268
100.374512
100.374756
100.375000
100.375244
100.375488
100.375732
100.375977
100.376221
100.376465
100.376709
100.376953
100.377197
100.377441
100.377686
100.377930
100.378174
100.378418
100.378662
100.378906
100.379150
100.379395
100.379639
100.379883
100.380127
100.380371
100.380615
100.380859
100.381104
100.381348
100.381592
100.381836
100.382080
100.382324
100.382568
100.382813
100.383057
100.383301
100.383545
100.383789
100.384033
100.384277
100.384521
100.384766
100.385010
100.385254
100.385498
100.385742
100.385986
100.386230
100.386475
100.386719
100.386963
100.387207
100.387451
100.387695
100.387939
100.388184
100.388428
100.388672
100.388916
100.389160
100.389404
100.389648
100.389893
100.390137
100.390381
100.390625
100.390869
100.391113
100.391357
100.391602
100.391846
100.392090
100.392334
100.392578
100.392822
100.393066
100.393311
100.393555
100.393799
100.394043
100.394287
100.394531
100.394775
100.395020
100.395264
100.395508
100.395752
100.395996
100.396240
100.396484
100.396729
100.396973
100.397217
100.397461
100.397705
100.397949
100.398193
100.398438
100.398682
100.398926
100.399170
100.399414
100.399658
100.399902
100.400146
100.400391
100.400635
100.400879
100.401123
100.401367
100.401611
100.401855
100.402100
100.402344
100.402588
100.402832
100.403076
100.403320
100.403564
100.403809
100.404053
100.404297
100.404541
100.404785
100.405029
100.405273
100.405518
100.405762
100.406006
100.406250
100.406494
100.406738
100.406982
100.407227
100.407471
100.407715
100.407959
100.408203
100.408447
100.408691
100.408936
100.409180
100.409424
100.409668
100.409912
100.410156
100.410400
100.410645
100.410889
100.411133
100.411377
100.411621
100.411865
100.412109
100.412354
100.412598
100.412842
100.413086
100.413330
100.413574
100.413818
100.414063
100.414307
100.414551
100.414795
100.415039
100.415283
100.415527
100.415771
100.416016
100.416260
100.416504
100.416748
100.416992
100.417236
100.417480
100.417725
100.417969
100.418213
100.418457
100.418701
100.418945
100.419189
100.419434
100.419678
100.419922
100.420166
100.420410
100.420654
100.420898
100.421143
100.421387
100.421631
100.421875
100.422119
100.422363
100.422607
100.422852
100.423096
100.423340
100.423584
100.423828
100.424072
100.424316
100.424561
100.424805
100.425049
100.425293
100.425537
100.425781
100.426025
100.426270
100.426514
100.426758
100.427002
100.427246
100.427490
100.427734
100.427979
100.428223
100.428467
100.428711
100.428955
100.429199
100.429443
100.429688
100.429932
100.430176
100.430420
100.430664
100.430908
100.431152
100.431396
100.431641
100.431885
100.432129
100.432373
100.432617
100.432861
100.433105
100.433350
100.433594
100.433838
100.434082
100.434326
100.434570
100.434814
100.435059
100.435303
100.435547
100.435791
100.436035
100.436279
100.436523
100.436768
100.437012
100.437256
100.437500
100.437744
100.437988
100.438232
100.438477
100.438721
100.438965
100.439209
100.439453
100.439697
100.439941
100.440186
100.440430
100.440674
100.440918
100.441162
100.441406
100.441650
100.441895
100.442139
100.442383
100.442627
100.442871
100.443115
100.443359
100.443604
100.443848
100.444092
100.444336
100.444580
100.444824
100.445068
100.445313
100.445557
100.445801
100.446045
100.446289
100.446533
100.446777
100.447021
100.447266
100.447510
100.447754
100.447998
100.448242
100.448486
100.448730
100.448975
100.449219
100.449463
100.449707
100.449951
100.450195
100.450439
100.450684
100.450928
100.451172
100.451416
100.451660
100.451904
100.452148
100.452393
100.452637
100.452881
100.453125
100.453369
100.453613
100.453857
100.454102
100.454346
100.454590
100.454834
100.455078
100.455322
100.455566
100.455811
100.456055
100.456299
100.456543
100.456787
100.457031
100.457275
100.457520
100.457764
100.458008
100.458252
100.458496
100.458740
100.458984
100.459229
100.459473
100.459717
100.459961
100.460205
100.460449
100.460693
100.460938
100.461182
100.461426
100.461670
100.461914
100.462158
100.462402
100.462646
100.462891
100.463135
100.463379
100.463623
100.463867
100.464111
100.464355
100.464600
100.464844
100.465088
100.465332
100.465576
100.465820
100.466064
100.466309
100.466553
100.466797
100.467041
100.467285
100.467529
100.467773
100.468018
100.468262
100.468506
100.468750
100.468994
100.469238
100.469482
100.469727
100.469971
100.470215
100.470459
100.470703
100.470947
100.471191
100.471436
100.471680
100.471924
100.472168
100.472412
100.472656
100.472900
100.473145
100.473389
100.473633
100.473877
100.474121
100.474365
100.474609
100.474854
100.475098
100.475342
100.475586
100.475830
100.476074
100.476318
100.476563
100.476807
100.477051
100.477295
100.477539
100.477783
100.478027
100.478271
100.478516
100.478760
100.479004
100.479248
100.479492
100.479736
100.479980
100.480225
100.480469
100.480713
100.480957
100.481201
100.481445
100.481689
100.481934
100.482178
100.482422
100.482666
100.482910
100.483154
100.483398
100.483643
100.483887
100.484131
100.484375
100.484619
100.484863
100.485107
100.485352
100.485596
100.485840
100.486084
100.486328
100.486572
100.486816
100.487061
100.487305
100.487549
100.487793
100.488037
100.488281
100.488525
100.488770
100.489014
100.489258
100.489502
100.489746
100.489990
100.490234
100.490479
100.490723
100.490967
100.491211
100.491455
100.491699
100.491943
100.492188
100.492432
100.492676
100.492920
100.493164
100.493408
100.493652
100.493896
100.494141
100.494385
100.494629
100.494873
100.495117
100.495361
100.495605
100.495850
100.496094
100.496338
100.496582
100.496826
100.497070
100.497314
100.497559
100.497803
100.498047
100.498291
100.498535
100.498779
100.499023
100.499268
100.499512
100.499756
100.500000
